0.5462742152960396 9.315034753974999 0.8679940619387527
0.5462742152960396 17.444906668454756 13.058451861819378
0.5462742152960396 5.930329813620947 9.859041216100529
0.5462742152960396 2.247728900139767 16.87927967599841
0.5462742152960396 3.0287628206219286 8.928203099203053
0.6307831305050401 11.095520125524159 10.66316988356178
0.5462742152960396 5.185595153332154 7.109323119110387
0.5462742152960396 15.589960874058262 0.8666758309830946
0.5462742152960396 12.686373140125086 19.44064716122182
0.5462742152960396 17.122486491537657 9.60245811054396
0.5462742152960396 12.058833230186996 2.2741527231668224
0.5462742152960396 15.200359274172774 18.351297889664167
0.6307831305050401 19.224150044104917 10.811879950434935
0.5462742152960396 6.684230814917836 15.918538977891096
0.5462742152960396 3.660604678242636 17.660248284954648
0.5462742152960396 5.283239572842751 3.9794356347440574
0.5462742152960396 15.343468828422381 9.25076886159825
0.5462742152960396 3.04984378345613 15.734747392887057
0.5462742152960396 12.883709046351324 11.408729903339541
0.5462742152960396 18.338707473982453 1.430068240609239
0.5462742152960396 0.8929414677759073 10.32648118586991
0.5462742152960396 9.286239919757328 8.351365075735796
0.5462742152960396 16.57986959601715 12.36170961744742
0.5462742152960396 8.77005569425319 11.984208777447394
0.5462742152960396 18.011917220166016 16.804791359152215
0.5462742152960396 8.904721440826762 5.139218490294635
0.5462742152960396 11.310287242618243 8.633569110526318
0.5462742152960396 6.316767440683416 8.055657680996388
0.5462742152960396 14.179844767705829 8.810595170002934
0.5462742152960396 9.869740920589338 3.876522450891371
0.5462742152960396 10.839847082510236 14.946996308137539
0.6307831305050401 18.339926756260297 6.065617571729309
0.5462742152960396 7.770802980555034 5.0703267305032895
0.6307831305050401 4.987623134286587 11.446083051089905
0.5462742152960396 4.125238070161428 1.4265674218715274
0.5462742152960396 14.089433639208512 12.93797968847674
0.5462742152960396 2.1423800889450417 10.838587944256004
0.5462742152960396 5.414892333182017 18.976755322199296
0.5462742152960396 4.160123482410933 19.136720103802634
0.5462742152960396 2.8285703146461594 6.072637863638315
0.6307831305050401 10.15061352356495 11.927703597889582
0.5462742152960396 4.926033798416922 14.285888406820582
0.5462742152960396 3.252522850050552 7.491778208114715
0.5462742152960396 14.497972281068996 19.3423118576955
0.5462742152960396 11.09526354653466 4.82295296142472
0.5462742152960396 3.96820955615123 10.42558489480539
0.5462742152960396 14.795077229946985 11.47180113203662
0.6307831305050401 16.336089253993848 8.515457049723576
0.5462742152960396 12.999636451720558 7.6381296018252005
0.5462742152960396 3.0161776772767235 11.560132648491972
0.5462742152960396 2.66033652385532 18.454393702992547
0.6307831305050401 10.585241455979697 13.333018936669308
0.5462742152960396 9.788404133364008 7.170981881866403
0.5462742152960396 2.88598216772193 2.57840036805028
0.5462742152960396 17.330327940822514 11.333980108543699
0.5462742152960396 16.42104571944219 16.263747349153764
0.5462742152960396 15.199186564075372 12.667783922438904
